23
Reference   0.0000000 0.0000010 0.1829185 0.3610266 0.3635299 0.2043038 0.2028234 0.1183462 0.2921497 0.2922602 0.3611752 0.1660552 0.2932156 0.2948038 0.2915104 0.1339796 0.2345894 0.2891835 0.1829803 0.1690354 0.1952346 0.3671620 0.3836158 
SRR27240806 0.0000010 0.0000000 0.1829185 0.3610266 0.3635299 0.2043038 0.2028234 0.1183462 0.2921497 0.2922602 0.3611752 0.1660552 0.2932156 0.2948038 0.2915104 0.1339796 0.2345894 0.2891835 0.1829803 0.1690354 0.1952346 0.3671620 0.3836158 
SRR27240807 0.1829185 0.1829185 0.0000000 0.3700737 0.3725554 0.2186856 0.2125845 0.1795322 0.3016196 0.3017333 0.3702252 0.1759062 0.3027102 0.3042635 0.3009687 0.1969119 0.2441880 0.2986581 0.1928475 0.1789164 0.2049960 0.3761806 0.3925856 
SRR27240808 0.3610266 0.3610266 0.3700737 0.0000000 0.0050596 0.3791809 0.3701946 0.3550853 0.1381312 0.1381723 0.0033720 0.3515520 0.1385659 0.1402468 0.1378558 0.3795606 0.4088633 0.1358817 0.3463114 0.3283776 0.3602553 0.0067647 0.0257915 
SRR27240809 0.3635299 0.3635299 0.3725554 0.0050596 0.0000000 0.3817505 0.3727224 0.3575518 0.1401391 0.1401810 0.0050608 0.3540273 0.1405806 0.1422592 0.1398596 0.3821123 0.4114683 0.1378832 0.3487947 0.3308095 0.3627526 0.0084619 0.0275273 
SRR27240810 0.2043038 0.2043038 0.2186856 0.3791809 0.3817505 0.0000000 0.2162805 0.2050968 0.3082656 0.3083859 0.3793421 0.2013756 0.3094165 0.3005477 0.3075812 0.2238183 0.2392605 0.3051938 0.1676377 0.1816195 0.1993152 0.3742120 0.3413534 
SRR27240811 0.2028234 0.2028234 0.2125845 0.3701946 0.3727224 0.2162805 0.0000000 0.1991428 0.3005249 0.3006400 0.3703490 0.1954479 0.3016306 0.3032131 0.2998646 0.2175179 0.1796663 0.2975146 0.1655158 0.1520668 0.1431977 0.3764161 0.3931375 
SRR27240812 0.1183462 0.1183462 0.1795322 0.3550853 0.3575518 0.2050968 0.1991428 0.0000000 0.2872459 0.2873530 0.3552290 0.1628107 0.2882807 0.2898599 0.2866237 0.1310702 0.2305315 0.2843277 0.1795204 0.1657448 0.1916541 0.3611134 0.3772511 
SRR27240813 0.2921497 0.2921497 0.3016196 0.1381312 0.1401391 0.3082656 0.3005249 0.2872459 0.0000000 0.0138953 0.1381723 0.2835673 0.0139307 0.0156477 0.0138663 0.3090850 0.3364968 0.0121285 0.2782047 0.2618987 0.2915451 0.1425103 0.1537634 
SRR27240814 0.2922602 0.2922602 0.3017333 0.1381723 0.1401810 0.3083859 0.3006400 0.2873530 0.0138953 0.0000000 0.1382135 0.2836731 0.0069365 0.0156514 0.0138695 0.3092050 0.3366314 0.0121323 0.2783085 0.2619938 0.2916551 0.1425530 0.1538105 
SRR27240815 0.3611752 0.3611752 0.3702252 0.0033720 0.0050608 0.3793421 0.3703490 0.3552290 0.1381723 0.1382135 0.0000000 0.3516946 0.1386073 0.1402887 0.1378968 0.3797209 0.4090413 0.1359220 0.3464521 0.3285073 0.3604032 0.0067662 0.0257977 
SRR27240816 0.1660552 0.1660552 0.1759062 0.3515520 0.3540273 0.2013756 0.1954479 0.1628107 0.2835673 0.2836731 0.3516946 0.0000000 0.2845917 0.2861837 0.2829503 0.1798810 0.2268573 0.2806494 0.1758156 0.1620573 0.1879702 0.3575920 0.3737534 
SRR27240817 0.2932156 0.2932156 0.3027102 0.1385659 0.1405806 0.3094165 0.3016306 0.2882807 0.0139307 0.0069365 0.1386073 0.2845917 0.0000000 0.0156914 0.0139058 0.3102322 0.3377673 0.0121631 0.2792130 0.2628310 0.2926065 0.1429609 0.1542562 
SRR27240818 0.2948038 0.2948038 0.3042635 0.1402468 0.1422592 0.3005477 0.3032131 0.2898599 0.0156477 0.0156514 0.1402887 0.2861837 0.0156914 0.0000000 0.0121216 0.3118088 0.3286402 0.0138792 0.2808224 0.2644482 0.2840476 0.1362704 0.1474142 
SRR27240819 0.2915104 0.2915104 0.3009687 0.1378558 0.1398596 0.3075812 0.2998646 0.2866237 0.0138663 0.0138695 0.1378968 0.2829503 0.0139058 0.0121216 0.0000000 0.3084032 0.3357535 0.0121072 0.2775957 0.2613313 0.2909082 0.1422251 0.1534522 
SRR27240820 0.1339796 0.1339796 0.1969119 0.3795606 0.3821123 0.2238183 0.2175179 0.1310702 0.3090850 0.3092050 0.3797209 0.1798810 0.3102322 0.3118088 0.3084032 0.0000000 0.2499432 0.3060291 0.1972842 0.1829831 0.2097177 0.3858674 0.4028548 
SRR27240821 0.2345894 0.2345894 0.2441880 0.4088633 0.4114683 0.2392605 0.1796663 0.2305315 0.3364968 0.3366314 0.4090413 0.2268573 0.3377673 0.3286402 0.3357535 0.2499432 0.0000000 0.3333258 0.1957273 0.1816900 0.1638889 0.4038403 0.4212383 
SRR27240822 0.2891835 0.2891835 0.2986581 0.1358817 0.1378832 0.3051938 0.2975146 0.2843277 0.0121285 0.0121323 0.1359220 0.2806494 0.0121631 0.0138792 0.0121072 0.3060291 0.3333258 0.0000000 0.2752892 0.2590713 0.2885863 0.1402409 0.1514392 
SRR27240823 0.1829803 0.1829803 0.1928475 0.3463114 0.3487947 0.1676377 0.1655158 0.1795204 0.2782047 0.2783085 0.3464521 0.1758156 0.2792130 0.2808224 0.2775957 0.1972842 0.1957273 0.2752892 0.0000000 0.0104186 0.1584319 0.3523563 0.3318939 
SRR27240824 0.1690354 0.1690354 0.1789164 0.3283776 0.3308095 0.1816195 0.1520668 0.1657448 0.2618987 0.2619938 0.3285073 0.1620573 0.2628310 0.2644482 0.2613313 0.1829831 0.1816900 0.2590713 0.0104186 0.0000000 0.1451688 0.3342468 0.3498689 
SRR27240825 0.1952346 0.1952346 0.2049960 0.3602553 0.3627526 0.1993152 0.1431977 0.1916541 0.2915451 0.2916551 0.3604032 0.1879702 0.2926065 0.2840476 0.2909082 0.2097177 0.1638889 0.2885863 0.1584319 0.1451688 0.0000000 0.3554170 0.3715542 
SRR27240826 0.3671620 0.3671620 0.3761806 0.0067647 0.0084619 0.3742120 0.3764161 0.3611134 0.1425103 0.1425530 0.0067662 0.3575920 0.1429609 0.1362704 0.1422251 0.3858674 0.4038403 0.1402409 0.3523563 0.3342468 0.3554170 0.0000000 0.0223314 
SRR27240827 0.3836158 0.3836158 0.3925856 0.0257915 0.0275273 0.3413534 0.3931375 0.3772511 0.1537634 0.1538105 0.0257977 0.3737534 0.1542562 0.1474142 0.1534522 0.4028548 0.4212383 0.1514392 0.3318939 0.3498689 0.3715542 0.0223314 0.0000000 
